# list of object assets to load in this scene
[ASSETS]
mario.txt
coin.txt
cloud.txt
ground.txt
brick.txt
mushroom.txt

[OBJECTS]
# type	x	y	extra_settings per object type
# type: 0 = Mario , 1 = Brick, 2 = Goomba, 3 = Koopas
# 4 = Coin, 5 = Platform, 6 = Decor, 7 = Obstable
# See OBJECT_TYPE constants in AssetIDs.h

#Decor x y spriteId
#6	100	164	60001
#6	116	164	60001
#6	132	164	60001

#COIN
4	100	120
4	120	120
4	140	120
4	160	120
4	180	120

4	100	100
4	120	100
4	140	100
4	160	100
4	180	100

4	100	80
4	120	80
4	140	80
4	160	80
4	180	80

#Platform 
# type	x	y	width	height cells spriteStart spriteMid SpriteEnd
# 5	0	180	16	15	32	70004	70005	70006
# 5	0	196	16	15	32	70007	70008	70009

# 5	512	164	16	15	32	70004	70005	70006
# 5	512	180	16	15	32	70007	70008	70009
# 5	512	196	16	15	32	70007	70008	70009

#Bricks
# code = 1-10 => has coin, code = 100 => has mushroom
#   x  y code

1	200	128	1
1	216	128	1
1	232	128	1
1	248	128	1
1	264	128	3
1	280	128	100


#Portal 
#50	200	160	216	180	1

#################################################################
# Part 1

# Platform
5	0	180	 16	15	40	70004	70005	70006
5	0	196	 16	15	40	70007	70008	70009

#Decor x y spriteId
6	160	164	60001
6	176	164	60001
6	192	164	60001

# Brick 





################################################################
# Part 2

# Platform
5	624	164	 16	15	28	70004	70005	70006
5	624	180	 16	15	28	70007	70008	70009
5	624	196	 16	15	28	70007	70008	70009

#Decor x y spriteId
6	672	148	60001
6	688	148	60001
6	704	148	60001
6	720	148	60001
6	736	148	60001
6	752	148	60001
6	1024	148	60001
6	1040	148	60001

################################################################
# Part 3

# Platform
5	1152	180	 16	15	22	70004	70005	70006
5	1152	196	 16	15	22	70007	70008	70009

#Decor x y spriteId
6	1184	164	60001
6	1200	164	60001

################################################################
# Part 4

# Platform
5	1536	180	 16	15	5	70004	70005	70006
5	1536	196	 16	15	5	70007	70008	70009

# Brick
1	1568	164	20001
1	1584	164	20001
1	1600	164	20001
1	1584	148	20001
1	1600	148	20001
1	1600	132	20001

# Part 5

# Platform
5	1664	180	 16	15	36	70004	70005	70006
5	1664	196	 16	15	36	70007	70008	70009

#Decor x y spriteId
6	1728	164	60001
6	1744	164	60001
6	1760	164	60001

# Brick
1	1664	164	20001
1	1680	164	20001
1	1696	164	20001
1	1664	148	20001
1	1680	148	20001
1	1664	132	20001

1	1952	164	20001
1	1968	164	20001
1	1984	164	20001
1	2000	164	20001
1	2016	164	20001
1	2032	164	20001
1	2048	164	20001
1	1968	148	20001
1	1984	148	20001
1	2000	148	20001
1	2016	148	20001
1	2032	148	20001
1	1984	132	20001
1	2000	132	20001
1	2016	132	20001


# Part 6

# Platform
5	2256	180	 16	15	35	70004	70005	70006
5	2256	196	 16	15	35	70007	70008	70009

# MARIO
0	120	10

